[acq_params]
adc_offset = 57
amplitude = 1.0
p90_us = 4.0
deadtime_us = 350.0
tau_us = 3013.1201875771962
deblank_us = 1.0
sw_khz = 1.5
acq_time_ms = 1024.0
echo_acq_ms = 5.333333333333333
nscans = 1
thermal_nscans = 2
carrierfreq_mhz = 14.8931467392
nechoes = 256
startconstant = 0.15
stopconstant = 2.0
gamma_eff_mhz_g = 0.004285961267996976
field_width = 10.0

[sample_params]
concentration = 0.0002
pr_krho_cold = 1823.0
pr_krho_hot = 1335.8
krho_hot = 380.0
krho_cold = 260.0
t1water_hot = 2.98
t1water_cold = 2.17
repetition_us = 10000000.0
guessed_mhz_to_ghz = 1.5168
guessed_phalf = 0.3

[odnp_params]
max_power = 2.51
power_steps = 10
num_t1s = 5
uw_dip_center_ghz = 9.818794
uw_dip_width_ghz = 0.008
fir_rep = 4859435.131433044

[file_names]
date = 240517
chemical = 200uM_TEMPOL
type = ODNP
odnp_counter = 3

