[acq_params]
adc_offset = 36
amplitude = 1.0
p90_us = 3.0
deadtime_us = 1000.0
tau_us = 5000.0
deblank_us = 1.0
sw_khz = 3.9
acq_time_ms = 1024.1148533333333
echo_acq_ms = 5.128266666666666
nscans = 1
thermal_nscans = 1
carrierfreq_mhz = 14.894
nechoes = 1
startconstant = 0.15
stopconstant = 2.0
gamma_eff_mhz_g = 0.004277530757829206
field_width = 10.0

[sample_params]
concentration = 0.027
pr_krho_cold = 1823.0
pr_krho_hot = 1335.8
krho_hot = 380.0
krho_cold = 260.0
t1water_hot = 2.98
t1water_cold = 2.17
repetition_us = 1000000.0
guessed_mhz_to_ghz = 1.5168
guessed_phalf = 0.3

[odnp_params]
max_power = 2.51
power_steps = 5
num_t1s = 5
uw_dip_center_ghz = 9.819055
uw_dip_width_ghz = 0.008
fir_rep = 4859435.131433044

[file_names]
date = 240703
chemical = 27mM_TEMPOL_toroid_onspike
type = echo
echo_counter = 6

