[acq_params]
adc_offset = 45
amplitude = 1.0
p90_us = 6.0
deadtime_us = 10.0
tau_us = 3500.0
deblank_us = 1.0
sw_khz = 3.9
acq_time_ms = 1024.0
nscans = 1
thermal_nscans = 2
carrierfreq_mhz = 14.887379236000001
nechoes = 1
startconstant = 0.15
stopconstant = 2.0
gamma_eff_mhz_g = 0.004255881390980501
field_width = 14.0

[sample_params]
concentration = 0.0007
3pr_krho_cold = 1823.0
pr_krho_hot = 1335.8
krho_hot = 380.0
krho_cold = 260.0
t1water_hot = 2.98
t1water_cold = 2.17
repetition_us = 1000000.0
guessed_mhz_to_ghz = 1.516

[odnp_params]
max_power = 2.51
power_steps = 14
num_t1s = 6
uw_dip_center_ghz = 9.820171
uw_dip_width_ghz = 0.008
fir_rep = 4039013.0712221675

[file_names]
date = 240102
chemical = 27mM_TEMPOL
type = echo

