[acq_params]
adc_offset = 41
amplitude = 1.0
p90_us = 3.75
deadtime_us = 10.0
tau_us = 3500.0
deblank_us = 1.0
sw_khz = 3.9
acq_time_ms = 1024.0
nscans = 1
thermal_nscans = 2
carrierfreq_mhz = 14.892233
nechoes = 1
startconstant = 0.15
stopconstant = 2.0
gamma_eff_mhz_g = 0.004258739512904455
field_width = 10.0

[sample_params]
concentration = 0.000146
pr_krho_cold = 1823.0
pr_krho_hot = 1335.8
krho_hot = 380.0
krho_cold = 260.0
t1water_hot = 2.98
t1water_cold = 2.17
repetition_us = 8000000.0
guessed_mhz_to_ghz = 1.5167

[odnp_params]
max_power = 2.51
power_steps = 12
num_t1s = 5
uw_dip_center_ghz = 9.818580184704185
uw_dip_width_ghz = 0.04
fir_rep = 5114429.349822162

[file_names]
date = 230712
chemical = ras_batch230627_I36
type = ODNP
field_counter = 1
odnp_counter = 2

