[acq_params]
adc_offset = 60
amplitude = 1.0
p90_us = 3.0
deadtime_us = 820.0
tau_us = 3508.5638175412296
deblank_us = 1.0
sw_khz = 3.9
acq_time_ms = 126.0
echo_acq_ms = 5.384615384615385
nscans = 4
thermal_nscans = 2
carrierfreq_mhz = 14.8934849856
nechoes = 1
startconstant = 0.15
stopconstant = 2.0
gamma_eff_mhz_g = 0.004278155981532017
field_width = 10.0

[sample_params]
concentration = 0.027
pr_krho_cold = 1823.0
pr_krho_hot = 1335.8
krho_hot = 380.0
krho_cold = 260.0
t1water_hot = 2.98
t1water_cold = 2.17
repetition_us = 14000000.0
guessed_mhz_to_ghz = 1.5168
guessed_phalf = 0.3

[odnp_params]
max_power = 2.51
power_steps = 5
num_t1s = 5
uw_dip_center_ghz = 9.819017
uw_dip_width_ghz = 0.008
fir_rep = 4859435.131433044

[file_names]
date = 240618
chemical = 200uM_TEMPOL_4scan_noP
type = echo
cpmg_counter = 5

