[acq_params]
adc_offset = 45
amplitude = 1.0
p90_us = 5.0
deadtime_us = 10.0
tau_us = 10.816901138162093
deblank_us = 1.0
sw_khz = 10.0
acq_time_ms = 10.0
nscans = 1
thermal_nscans = 2
carrierfreq_mhz = 14.893504
nechoes = 2
startconstant = 0.15
stopconstant = 2.0
gamma_eff_mhz_g = 0.004269397782525066
field_width = 10.0

[sample_params]
concentration = 0.07
pr_krho_cold = 1823.0
pr_krho_hot = 1335.8
krho_hot = 380.0
krho_cold = 260.0
t1water_hot = 2.98
t1water_cold = 2.17
repetition_us = 700000.0
guessed_mhz_to_ghz = 1.5170554

[odnp_params]
max_power = 2.51
power_steps = 12
num_t1s = 5
uw_dip_center_ghz = 9.81967663924964
uw_dip_width_ghz = 0.06
fir_rep = 4859435.131433044

[file_names]
date = 231004
chemical = 70mM_TEMPOL_rehash
type = CPMG
echo_counter = 3
cpmg_counter = 22

